RaFD:

DisVAE_mlp:
99.1667
99.8134
train_subject: [1, 2, 3, 4, 6, 7, 9, 10, 12, 13, 14, 15, 16, 17, 18, 19, 20, 21, 22, 23, 24, 25, 26, 27, 28, 29, 30, 31, 32, 33, 34, 35, 36, 37, 38, 39, 40, 41, 42, 43, 44, 45, 46, 47, 48, 49, 50, 51, 53, 54, 55, 57, 58, 59, 60, 61, 62, 63, 64, 65, 67, 69, 70, 71, 72]
test_subject: [5, 8, 11, 52, 56, 66, 68, 73]

DisVAE_svm:
train_subject: [2, 3, 4, 5, 7, 8, 9, 10, 12, 13, 14, 15, 17, 18, 19, 20, 21, 22, 23, 24, 25, 26, 27, 28, 29, 30, 31, 32, 33, 34, 35, 36, 37, 38, 39, 41, 42, 43, 44, 45, 46, 47, 48, 49, 50, 51, 52, 53, 54, 56, 57, 59, 60, 61, 62, 63, 64, 65, 67, 68, 69, 70, 71, 72, 73]
test_subject: [1, 6, 11, 16, 40, 55, 58, 66]
94.1667

DisVAE_edit:
test_subject: [5, 14, 18, 31, 44, 63, 68, 73]


Oulu:

test_subject: [4,17,32,44,63,64,67,68] 82.6389
85.4167
82.6389


